1.000000000000000000e+00,1.022727272727272790e-01,1.264822134387351693e-01,1.284046692607003770e-01,9.160305343511450371e-02,1.660231660231660245e-01,1.343283582089552231e-01,1.031746031746031689e-01,2.264808362369337968e-01,1.351351351351351426e-01,1.320000000000000062e-01,1.305970149253731227e-01,1.439393939393939503e-01,1.445783132530120418e-01,1.294117647058823650e-01,1.360000000000000098e-01,1.102941176470588203e-01,1.296296296296296224e-01,1.259541984732824305e-01,1.176470588235294101e-01,1.229508196721311453e-01,1.141732283464566983e-01,1.196911196911196879e-01,1.322957198443579785e-01,1.383399209486166070e-01,1.434599156118143426e-01,1.174242424242424310e-01,1.094339622641509469e-01,1.235955056179775247e-01,1.507936507936507853e-01,1.491935483870967805e-01,1.114982578397212543e-01,1.279069767441860517e-01,1.466165413533834505e-01,2.103174603174603197e-01,1.910569105691057035e-01,1.389961389961389959e-01,1.811320754716981007e-01,1.722846441947565588e-01,2.024291497975708454e-01,1.406250000000000000e-01,1.340996168582375414e-01,1.254612546125461192e-01,1.475409836065573743e-01,1.325301204819277212e-01,1.310344827586207017e-01,1.438596491228070207e-01,1.562500000000000000e-01,1.626984126984127033e-01,1.467181467181467303e-01,8.408408408408409029e-02,1.226765799256505640e-01,1.640000000000000069e-01,1.647509578544061326e-01,1.434262948207171429e-01,1.578947368421052544e-01,2.139917695473251003e-01,1.428571428571428492e-01,2.382812500000000000e-01,1.785714285714285754e-01,1.180811808118081147e-01,1.706349206349206393e-01,1.781376518218623362e-01,2.092050209205020828e-01,1.666666666666666574e-01,1.898734177215190000e-01,1.434262948207171429e-01,1.611570247933884203e-01,1.799163179916317967e-01,1.343873517786561278e-01,1.532258064516129059e-01,1.273408239700374589e-01,1.538461538461538547e-01,1.869918699186991773e-01,1.935483870967741882e-01,1.684981684981685102e-01,1.908396946564885621e-01,1.811320754716981007e-01,1.781818181818181912e-01,1.932773109243697551e-01,1.672727272727272674e-01,1.666666666666666574e-01,2.124999999999999944e-01,1.395348837209302306e-01,1.485943775100401487e-01,1.895161290322580627e-01,1.686274509803921684e-01,1.070110701107011009e-01,1.223776223776223832e-01,1.354581673306772815e-01,1.991701244813277871e-01,1.181102362204724393e-01,2.263374485596707786e-01,1.304347826086956486e-01,2.140077821011673043e-01,1.835937500000000000e-01,1.572580645161290314e-01,1.535580524344569153e-01,1.515151515151515194e-01,1.572580645161290314e-01,1.589147286821705474e-01,1.550387596899224785e-01,2.154471544715447218e-01,2.030651340996168508e-01,2.128514056224899698e-01,1.138790035587188554e-01,1.901140684410646264e-01,1.322314049586776896e-01,2.109375000000000000e-01,1.236363636363636415e-01,1.385767790262172339e-01,1.282051282051281937e-01,1.237113402061855716e-01,1.267605633802816878e-01,1.201550387596899278e-01,1.228070175438596423e-01,1.593625498007968100e-01,1.557971014492753603e-01,1.733870967741935609e-01,1.445312500000000000e-01,1.264822134387351693e-01,1.015625000000000000e-01,1.196911196911196879e-01,1.148936170212765950e-01,9.920634920634920084e-02,1.711026615969581666e-01,1.609195402298850552e-01,1.370370370370370405e-01,1.254355400696864076e-01,1.372549019607843257e-01,1.544715447154471621e-01,1.269841269841269771e-01,1.929133858267716439e-01,9.765625000000000000e-02,1.794871794871794879e-01,1.250000000000000000e-01
1.022727272727272790e-01,1.000000000000000000e+00,3.157894736842105088e-01,2.686567164179104461e-01,1.255605381165919299e-01,2.027027027027027140e-01,2.339449541284403800e-01,1.626794258373205626e-01,1.201413427561837388e-01,2.046511627906976716e-01,1.809523809523809479e-01,1.452991452991453103e-01,2.304147465437788034e-01,2.019230769230769273e-01,2.047619047619047561e-01,1.745283018867924418e-01,1.762114537444934015e-01,2.328767123287671104e-01,2.149532710280373793e-01,2.437810945273631846e-01,3.579545454545454697e-01,1.753554502369668311e-01,1.434977578475336302e-01,1.962616822429906482e-01,1.822429906542056000e-01,1.799999999999999933e-01,2.807881773399014680e-01,3.214285714285714524e-01,3.184079601990049690e-01,2.750000000000000222e-01,2.755102040816326259e-01,8.812260536398466848e-02,1.743119266055045968e-01,2.162162162162162282e-01,2.385321100917431325e-01,1.415929203539822989e-01,1.872146118721461083e-01,1.931330472103004181e-01,2.300884955752212357e-01,1.855203619909502333e-01,1.173913043478260892e-01,1.917808219178082085e-01,2.217194570135746501e-01,1.951219512195122019e-01,2.167487684729064168e-01,1.719999999999999862e-01,2.226890756302521146e-01,2.139534883720930203e-01,2.056074766355140138e-01,2.300469483568075013e-01,1.126279863481228632e-01,1.033057851239669450e-01,2.190476190476190466e-01,1.850220264317180563e-01,2.173913043478260809e-01,1.674418604651162767e-01,2.093023255813953598e-01,2.227272727272727182e-01,1.848739495798319421e-01,2.358490566037735880e-01,8.502024291497975450e-02,2.206572769953051572e-01,2.800000000000000266e-01,2.450980392156862642e-01,1.990740740740740700e-01,1.932367149758454083e-01,2.173913043478260809e-01,2.879581151832460995e-01,2.731958762886597669e-01,1.775700934579439172e-01,2.184466019417475591e-01,2.036199095022624417e-01,2.433862433862433727e-01,2.122641509433962348e-01,2.196261682242990620e-01,2.401746724890829743e-01,1.687763713080168704e-01,1.680672268907563160e-01,2.092050209205020828e-01,1.913875598086124397e-01,2.327586206896551657e-01,2.173913043478260809e-01,2.994923857868020400e-01,2.572815533980582492e-01,1.728971962616822344e-01,2.149532710280373793e-01,1.846846846846846857e-01,2.383177570093457931e-01,2.599118942731277748e-01,3.020833333333333148e-01,2.636815920398010160e-01,2.205882352941176405e-01,2.705314009661835550e-01,2.550000000000000044e-01,1.787234042553191571e-01,1.806167400881057150e-01,1.943127962085308136e-01,1.973684210526315819e-01,1.798245614035087758e-01,2.057416267942583643e-01,2.452830188679245293e-01,2.405660377358490587e-01,2.054794520547945091e-01,2.290748898678414136e-01,1.659388646288209590e-01,1.880341880341880323e-01,1.680672268907563160e-01,2.256410256410256443e-01,1.554621848739495826e-01,1.659574468085106280e-01,2.339449541284403800e-01,2.026431718061673937e-01,1.726907630522088455e-01,2.231759656652360646e-01,2.211538461538461453e-01,2.025316455696202500e-01,1.962616822429906482e-01,2.033898305084745894e-01,1.636363636363636354e-01,1.944444444444444475e-01,1.682242990654205517e-01,1.706161137440758424e-01,1.860465116279069742e-01,1.522842639593908753e-01,1.921182266009852091e-01,2.580645161290322509e-01,1.754385964912280604e-01,1.673819742489270346e-01,2.307692307692307820e-01,2.259615384615384637e-01,1.800947867298578198e-01,2.087378640776698935e-01,1.964285714285714246e-01,2.551020408163265363e-01,1.714285714285714302e-01,1.767441860465116255e-01
1.264822134387351693e-01,3.157894736842105088e-01,1.000000000000000000e+00,3.756906077348066142e-01,1.448598130841121379e-01,2.669902912621359148e-01,3.842105263157894468e-01,1.849999999999999978e-01,1.518518518518518490e-01,2.163461538461538547e-01,1.690821256038647358e-01,1.963470319634703087e-01,3.384615384615384803e-01,2.448979591836734637e-01,2.349999999999999867e-01,1.970443349753694673e-01,2.731707317073170938e-01,2.165898617511520796e-01,2.390243902439024293e-01,3.333333333333333148e-01,3.786982248520709970e-01,2.346938775510204189e-01,2.205882352941176405e-01,2.500000000000000000e-01,2.107843137254901966e-01,2.365591397849462485e-01,2.700000000000000178e-01,2.524752475247524774e-01,3.350515463917525527e-01,3.756906077348066142e-01,3.631284916201117374e-01,1.209677419354838745e-01,2.315270935960591081e-01,3.401015228426396142e-01,3.004926108374384452e-01,1.559633027522935866e-01,2.211538461538461453e-01,2.420091324200913108e-01,3.076923076923077094e-01,2.487804878048780477e-01,1.255605381165919299e-01,2.439024390243902385e-01,2.279069767441860572e-01,2.578947368421052877e-01,3.314917127071823066e-01,2.161016949152542443e-01,2.076271186440677985e-01,2.439024390243902385e-01,2.292682926829268386e-01,2.367149758454106245e-01,1.188811188811188801e-01,1.447368421052631637e-01,2.437810945273631846e-01,3.019801980198019709e-01,2.746113989637305464e-01,2.628865979381443396e-01,3.229166666666666852e-01,2.347417840375586873e-01,2.545454545454545192e-01,2.367149758454106245e-01,1.101694915254237267e-01,3.229166666666666852e-01,3.089005235602094168e-01,3.478260869565217295e-01,2.401960784313725561e-01,2.422680412371134018e-01,3.297297297297297480e-01,3.483146067415730518e-01,4.176470588235294268e-01,1.884057971014492794e-01,2.894736842105263275e-01,2.322274881516587786e-01,2.937853107344632897e-01,2.741116751269035423e-01,2.500000000000000000e-01,2.300884955752212357e-01,2.098214285714285754e-01,2.142857142857142738e-01,1.940928270042193982e-01,2.149999999999999967e-01,2.444444444444444364e-01,2.454545454545454530e-01,3.297872340425531679e-01,2.463054187192118272e-01,2.436548223350253894e-01,2.700000000000000178e-01,2.296650717703349331e-01,1.719457013574660631e-01,1.764705882352941291e-01,2.642487046632124303e-01,2.916666666666666852e-01,1.853658536585365835e-01,2.598039215686274717e-01,2.373737373737373757e-01,2.318181818181818121e-01,2.476190476190476275e-01,2.680412371134020533e-01,2.594339622641509413e-01,2.583732057416268102e-01,2.551020408163265363e-01,3.096446700507614058e-01,2.979797979797979557e-01,2.772277227722772519e-01,2.638888888888888951e-01,2.139534883720930203e-01,2.363636363636363591e-01,2.088888888888889017e-01,2.663043478260869734e-01,2.283105022831050102e-01,2.017937219730941700e-01,3.216080402010050299e-01,2.898550724637681264e-01,2.434782608695652273e-01,2.739726027397260122e-01,2.588832487309644659e-01,2.455357142857142738e-01,2.254901960784313764e-01,2.870370370370370350e-01,3.089005235602094168e-01,2.537313432835821003e-01,1.619047619047619124e-01,2.171717171717171824e-01,2.769230769230769384e-01,2.346368715083798906e-01,2.896174863387978027e-01,2.898550724637681264e-01,2.843137254901960675e-01,2.488262910798122174e-01,2.207792207792207695e-01,2.901554404145077481e-01,2.789473684210526105e-01,2.656250000000000000e-01,2.358490566037735880e-01,3.043478260869565410e-01,2.060085836909871237e-01,1.932367149758454083e-01
1.284046692607003770e-01,2.686567164179104461e-01,3.756906077348066142e-01,1.000000000000000000e+00,1.415525114155251063e-01,2.201834862385321223e-01,2.582159624413145615e-01,1.862745098039215730e-01,1.449275362318840632e-01,1.889400921658986043e-01,1.542056074766355034e-01,1.218487394957983166e-01,2.488262910798122174e-01,2.205882352941176405e-01,1.612903225806451568e-01,1.698113207547169712e-01,1.928251121076233199e-01,2.171945701357466119e-01,2.046511627906976716e-01,2.388059701492537268e-01,3.599999999999999867e-01,2.167487684729064168e-01,1.869158878504672827e-01,2.318840579710144956e-01,1.943127962085308136e-01,2.176165803108808250e-01,2.949999999999999845e-01,2.709359605911330071e-01,4.505494505494505586e-01,3.439153439153438963e-01,4.067796610169491789e-01,1.011673151750972777e-01,1.751152073732718806e-01,2.809523809523809534e-01,2.511627906976744429e-01,2.238095238095238193e-01,2.046511627906976716e-01,1.939655172413793094e-01,2.764976958525345863e-01,1.651785714285714246e-01,2.190476190476190466e-01,2.322274881516587786e-01,2.396313364055299433e-01,2.200000000000000011e-01,2.812500000000000000e-01,1.774193548387096864e-01,1.885245901639344135e-01,2.149532710280373793e-01,2.296650717703349331e-01,2.253521126760563431e-01,1.016949152542372947e-01,1.319148936170212727e-01,2.028301886792452935e-01,2.017937219730941700e-01,1.784037558685445946e-01,2.135922330097087263e-01,2.572815533980582492e-01,2.523364485981308136e-01,2.060085836909871237e-01,2.253521126760563431e-01,8.097165991902834092e-02,2.333333333333333370e-01,2.944162436548223294e-01,2.587064676616915304e-01,1.834862385321101019e-01,2.238805970149253810e-01,3.351063829787234161e-01,3.031914893617021489e-01,2.615384615384615530e-01,2.364532019704433385e-01,2.019230769230769273e-01,1.990950226244343757e-01,2.187500000000000000e-01,2.132701421800947961e-01,2.264150943396226467e-01,2.094017094017094072e-01,2.212389380530973559e-01,2.533936651583710287e-01,1.803278688524590223e-01,2.277227722772277307e-01,1.776859504132231315e-01,2.025862068965517127e-01,2.500000000000000000e-01,2.403846153846153910e-01,1.792452830188679125e-01,2.274881516587677621e-01,2.018348623853211121e-01,2.336448598130841103e-01,1.680327868852458939e-01,3.174603174603174427e-01,2.587064676616915304e-01,2.338308457711442689e-01,2.718446601941747476e-01,2.953367875647668339e-01,1.845493562231759754e-01,1.814159292035398274e-01,2.125603864734299520e-01,2.142857142857142738e-01,2.126696832579185459e-01,2.303921568627450844e-01,2.289719626168224276e-01,2.186046511627907085e-01,2.119815668202764958e-01,2.636363636363636131e-01,2.090909090909090773e-01,1.991341991341991358e-01,1.787234042553191571e-01,2.142857142857142738e-01,1.965065502183405977e-01,1.869565217391304379e-01,2.582159624413145615e-01,2.592592592592592449e-01,1.975308641975308532e-01,2.511013215859030923e-01,2.341463414634146478e-01,2.033898305084745894e-01,1.915887850467289655e-01,1.841004184100418495e-01,2.085308056872037796e-01,2.238095238095238193e-01,2.028985507246376940e-01,1.941747572815533951e-01,2.390243902439024293e-01,1.770833333333333426e-01,2.358974358974358920e-01,2.363636363636363591e-01,2.361111111111111049e-01,1.731601731601731531e-01,2.264957264957264960e-01,2.037914691943127909e-01,2.156862745098039325e-01,2.156862745098039325e-01,1.866666666666666752e-01,2.694300518134715161e-01,2.016806722689075682e-01,1.830985915492957805e-01
9.160305343511450371e-02,1.255605381165919299e-01,1.448598130841121379e-01,1.415525114155251063e-01,1.000000000000000000e+00,1.441048034934497846e-01,1.578947368421052544e-01,3.370786516853932491e-01,1.263537906137184030e-01,1.545454545454545414e-01,8.968609865470851539e-02,1.385281385281385280e-01,1.491228070175438514e-01,1.611374407582938373e-01,1.481481481481481399e-01,1.401869158878504551e-01,1.293103448275862155e-01,1.521739130434782705e-01,1.184210526315789408e-01,1.611374407582938373e-01,1.359223300970873738e-01,1.462264150943396179e-01,1.520737327188940169e-01,1.513761467889908341e-01,2.097560975609756018e-01,1.268292682926829285e-01,1.590909090909090884e-01,1.598173515981735071e-01,1.111111111111111049e-01,1.737089201877934364e-01,1.666666666666666574e-01,1.160000000000000059e-01,1.306306306306306286e-01,1.228813559322033955e-01,1.725663716814159199e-01,1.396396396396396289e-01,9.442060085836910532e-02,1.422594142259414329e-01,1.375000000000000111e-01,1.371681415929203451e-01,7.234042553191488700e-02,1.034482758620689641e-01,1.324786324786324798e-01,1.940298507462686617e-01,1.203703703703703637e-01,1.294117647058823650e-01,1.532258064516129059e-01,1.479820627802690691e-01,1.244444444444444409e-01,1.576576576576576572e-01,1.423487544483985900e-01,1.054852320675105509e-01,1.674418604651162767e-01,1.733333333333333393e-01,1.818181818181818232e-01,1.603773584905660299e-01,1.643835616438356073e-01,2.054794520547945091e-01,1.541666666666666741e-01,1.524663677130044803e-01,1.050420168067226906e-01,1.184210526315789408e-01,1.057268722466960381e-01,2.028985507246376940e-01,1.238938053097345116e-01,1.361502347417840320e-01,1.382488479262672931e-01,1.871921182266009787e-01,1.255813953488372214e-01,1.330275229357798239e-01,1.603773584905660299e-01,1.347826086956521729e-01,1.499999999999999944e-01,1.351351351351351426e-01,1.428571428571428492e-01,1.528925619834710647e-01,1.102040816326530642e-01,1.375000000000000111e-01,1.225296442687747039e-01,1.296296296296296224e-01,1.330645161290322509e-01,1.316872427983539207e-01,1.357466063348416185e-01,1.043478260869565161e-01,9.333333333333333759e-02,1.434977578475336302e-01,1.217391304347826136e-01,1.158798283261802536e-01,1.757322175732217440e-01,1.502347417840375621e-01,1.474654377880184331e-01,1.244239631336405555e-01,1.217391304347826136e-01,1.549295774647887203e-01,1.525423728813559421e-01,1.385281385281385280e-01,1.330275229357798239e-01,1.308016877637130926e-01,1.379310344827586188e-01,1.650943396226415005e-01,1.460176991150442527e-01,1.569506726457399193e-01,1.310043668122270744e-01,1.416666666666666630e-01,1.855203619909502333e-01,1.767241379310344751e-01,2.079646017699114946e-01,1.641791044776119424e-01,1.894273127753303976e-01,1.208333333333333343e-01,1.838565022421524697e-01,1.806167400881057150e-01,1.666666666666666574e-01,1.618257261410788461e-01,1.318181818181818066e-01,1.428571428571428492e-01,1.255605381165919299e-01,1.434426229508196649e-01,1.409090909090909005e-01,1.447963800904977505e-01,1.187214611872146053e-01,1.050228310502283047e-01,1.261261261261261146e-01,1.443298969072164817e-01,1.179245283018867940e-01,1.213389121338912108e-01,1.688888888888888939e-01,1.762114537444934015e-01,1.890756302521008347e-01,1.520737327188940169e-01,1.674641148325358986e-01,1.192660550458715663e-01,1.535087719298245668e-01,1.642512077294686068e-01,1.417004048582996001e-01,1.221719457013574622e-01
1.660231660231660245e-01,2.027027027027027140e-01,2.669902912621359148e-01,2.201834862385321223e-01,1.441048034934497846e-01,1.000000000000000000e+00,2.844036697247706580e-01,1.759259259259259300e-01,1.672597864768683162e-01,1.842105263157894635e-01,1.719457013574660631e-01,1.822033898305084609e-01,1.931330472103004181e-01,2.083333333333333426e-01,1.681415929203539938e-01,1.353711790393013203e-01,1.583333333333333259e-01,1.516393442622950838e-01,1.938325991189427389e-01,2.608695652173912971e-01,2.437810945273631846e-01,2.634146341463414753e-01,2.314814814814814825e-01,2.418604651162790664e-01,2.222222222222222099e-01,2.538071065989847552e-01,2.966507177033492759e-01,2.272727272727272652e-01,2.488687782805429904e-01,3.300000000000000155e-01,3.049999999999999933e-01,9.665427509293680886e-02,2.714285714285714080e-01,2.060085836909871237e-01,2.657657657657657713e-01,2.748815165876777322e-01,2.604651162790697638e-01,2.959641255605381382e-01,3.317972350230414813e-01,3.382352941176470784e-01,2.126696832579185459e-01,2.420091324200913108e-01,2.544642857142856984e-01,2.018779342723004688e-01,3.096446700507614058e-01,2.773109243697479132e-01,2.851063829787234272e-01,2.420091324200913108e-01,3.251231527093595974e-01,2.638888888888888951e-01,1.049180327868852458e-01,2.466367713004484208e-01,2.836538461538461453e-01,3.084112149532710068e-01,2.955665024630542148e-01,3.165829145728643046e-01,4.569892473118279397e-01,2.785388127853881124e-01,3.502304147465437612e-01,3.062200956937798924e-01,1.071428571428571369e-01,3.155339805825242983e-01,3.024390243902438935e-01,2.801932367149758685e-01,2.616822429906541791e-01,2.403846153846153910e-01,3.084577114427860534e-01,3.179487179487179294e-01,3.870967741935483764e-01,2.347417840375586873e-01,2.718446601941747476e-01,2.477477477477477430e-01,2.680412371134020533e-01,2.641509433962264120e-01,2.769953051643192499e-01,2.995594713656387631e-01,2.800000000000000266e-01,3.136363636363636576e-01,2.048192771084337283e-01,3.333333333333333148e-01,2.746781115879828317e-01,2.330508474576271083e-01,2.961165048543689116e-01,2.796208530805687209e-01,2.417061611374407559e-01,2.663551401869158619e-01,2.924528301886792359e-01,1.896551724137930939e-01,1.975806451612903136e-01,2.669902912621359148e-01,3.054187192118226757e-01,2.264150943396226467e-01,2.803738317757009102e-01,2.780487804878049030e-01,3.150684931506849140e-01,3.349282296650717972e-01,3.556701030927835183e-01,2.294372294372294396e-01,2.556053811659192987e-01,2.829268292682926567e-01,2.731481481481481399e-01,2.744186046511628008e-01,2.557077625570776114e-01,2.775330396475770844e-01,3.175355450236966859e-01,2.350427350427350404e-01,3.961352657004830746e-01,3.440860215053763715e-01,3.619047619047618958e-01,2.555066079295154058e-01,3.526570048309178862e-01,3.209302325581395166e-01,2.784810126582278333e-01,3.393665158371040880e-01,2.559241706161137220e-01,2.384937238493723966e-01,2.081447963800905077e-01,2.938596491228070429e-01,2.594339622641509413e-01,2.748815165876777322e-01,2.253521126760563431e-01,2.056074766355140138e-01,3.103448275862069061e-01,3.222222222222222432e-01,2.974358974358974339e-01,2.792792792792792578e-01,2.455357142857142738e-01,2.358078602620087283e-01,2.056451612903225923e-01,2.666666666666666630e-01,2.871287128712871062e-01,2.322274881516587786e-01,2.567567567567567433e-01,2.296650717703349331e-01,3.185840707964601726e-01,3.004926108374384452e-01
1.343283582089552231e-01,2.339449541284403800e-01,3.842105263157894468e-01,2.582159624413145615e-01,1.578947368421052544e-01,2.844036697247706580e-01,1.000000000000000000e+00,2.673267326732673421e-01,1.660777385159010466e-01,2.035398230088495686e-01,1.917808219178082085e-01,1.708333333333333370e-01,2.500000000000000000e-01,2.175925925925925875e-01,2.372093023255814059e-01,1.909090909090909172e-01,1.764705882352941291e-01,1.551020408163265307e-01,1.921397379912663794e-01,2.766990291262135804e-01,3.125000000000000000e-01,2.139534883720930203e-01,2.126696832579185459e-01,2.453703703703703776e-01,2.036199095022624417e-01,2.087378640776698935e-01,2.580645161290322509e-01,2.363636363636363591e-01,2.300884955752212357e-01,2.701421800947867435e-01,3.019801980198019709e-01,1.123595505617977497e-01,2.008928571428571508e-01,2.633928571428571508e-01,2.805429864253393690e-01,1.630901287553647994e-01,2.079646017699114946e-01,2.330508474576271083e-01,2.876106194690265516e-01,1.956521739130434867e-01,1.440677966101694962e-01,2.511415525114155112e-01,2.577777777777777724e-01,2.344497607655502414e-01,2.440191387559808578e-01,2.000000000000000111e-01,1.968503937007874127e-01,2.286995515695067205e-01,2.488479262672811110e-01,2.790697674418604612e-01,1.114754098360655754e-01,1.382113821138211407e-01,2.396313364055299433e-01,2.995391705069124222e-01,2.559241706161137220e-01,2.571428571428571175e-01,3.317073170731707488e-01,2.155172413793103314e-01,2.343096234309623438e-01,2.331838565022421594e-01,1.195219123505976144e-01,2.522935779816513624e-01,2.688679245283018826e-01,3.024390243902438935e-01,2.592592592592592449e-01,2.264150943396226467e-01,3.947368421052631637e-01,3.560209424083769503e-01,3.612565445026177935e-01,2.100456621004566093e-01,2.336448598130841103e-01,2.236842105263157909e-01,2.338308457711442689e-01,2.272727272727272652e-01,2.454545454545454530e-01,2.638297872340425454e-01,2.083333333333333426e-01,2.330508474576271083e-01,2.226720647773279271e-01,2.129629629629629650e-01,2.304526748971193473e-01,2.850877192982456121e-01,2.748815165876777322e-01,2.592592592592592449e-01,2.753623188405797118e-01,2.816901408450704358e-01,2.105263157894736725e-01,2.300884955752212357e-01,1.960000000000000075e-01,2.644230769230769273e-01,2.714285714285714080e-01,1.748878923766816196e-01,2.376681614349775706e-01,2.571428571428571175e-01,2.083333333333333426e-01,2.270742358078602641e-01,2.500000000000000000e-01,2.222222222222222099e-01,2.155172413793103314e-01,2.325581395348837177e-01,2.706422018348623726e-01,2.545454545454545192e-01,2.311111111111111005e-01,2.532188841201716833e-01,2.444444444444444364e-01,2.876106194690265516e-01,2.330508474576271083e-01,2.727272727272727071e-01,2.413793103448275967e-01,1.762295081967213128e-01,3.364928909952606406e-01,3.302325581395348930e-01,2.761506276150627603e-01,3.363228699551569778e-01,2.836538461538461453e-01,2.735042735042735318e-01,2.396313364055299433e-01,2.478991596638655537e-01,2.809523809523809534e-01,2.431192660550458851e-01,1.741071428571428492e-01,1.981566820276497720e-01,2.523364485981308136e-01,2.765957446808510745e-01,2.378640776699029180e-01,3.490566037735848837e-01,2.544642857142856984e-01,2.025316455696202500e-01,1.992031872509960055e-01,2.465116279069767546e-01,2.417061611374407559e-01,2.417061611374407559e-01,2.378854625550660684e-01,3.282051282051282048e-01,2.048192771084337283e-01,1.565217391304347949e-01
1.031746031746031689e-01,1.626794258373205626e-01,1.849999999999999978e-01,1.862745098039215730e-01,3.370786516853932491e-01,1.759259259259259300e-01,2.673267326732673421e-01,1.000000000000000000e+00,1.603053435114503711e-01,2.238805970149253810e-01,1.749999999999999889e-01,1.805555555555555525e-01,1.981132075471698228e-01,2.539682539682539542e-01,2.060301507537688481e-01,1.919191919191919060e-01,1.869158878504672827e-01,1.681818181818181823e-01,2.167487684729064168e-01,2.216494845360824639e-01,1.709844559585492196e-01,1.633663366336633727e-01,1.308411214953270896e-01,1.516587677725118599e-01,1.940298507462686617e-01,1.377551020408163129e-01,1.706161137440758424e-01,1.714285714285714302e-01,1.612903225806451568e-01,1.980198019801980291e-01,2.091836734693877653e-01,1.338912133891213274e-01,1.516587677725118599e-01,1.788990825688073494e-01,1.735159817351598077e-01,1.448598130841121379e-01,1.761904761904762029e-01,1.936936936936936859e-01,1.521739130434782705e-01,1.369863013698630061e-01,9.909909909909909997e-02,1.272727272727272596e-01,1.173913043478260892e-01,1.897435897435897356e-01,1.584158415841584178e-01,1.382113821138211407e-01,1.583333333333333259e-01,1.809523809523809479e-01,1.722488038277512068e-01,2.087378640776698935e-01,1.465201465201465270e-01,1.545454545454545414e-01,1.682692307692307820e-01,1.851851851851851749e-01,1.773399014778325178e-01,1.782178217821782096e-01,1.875000000000000000e-01,1.851851851851851749e-01,1.350210970464134907e-01,1.581395348837209280e-01,9.442060085836910532e-02,1.761904761904762029e-01,1.408450704225352179e-01,2.233502538071066024e-01,2.178217821782178210e-01,1.641791044776119424e-01,2.256410256410256443e-01,2.732240437158470203e-01,1.700000000000000122e-01,1.220657276995305157e-01,1.666666666666666574e-01,1.767441860465116255e-01,1.871657754010695174e-01,1.844660194174757295e-01,1.698113207547169712e-01,1.991150442477876148e-01,1.578947368421052544e-01,1.572052401746724948e-01,2.212389380530973559e-01,1.512195121951219468e-01,1.869565217391304379e-01,2.191780821917808098e-01,1.911764705882352811e-01,1.714285714285714302e-01,1.959798994974874253e-01,1.932367149758454083e-01,1.682242990654205517e-01,1.666666666666666574e-01,2.133333333333333470e-01,1.909547738693467278e-01,1.699029126213592311e-01,1.568627450980392135e-01,1.467889908256880815e-01,1.900000000000000022e-01,1.330472103004291806e-01,1.283185840707964653e-01,1.220657276995305157e-01,1.926605504587156070e-01,1.636363636363636354e-01,1.890547263681592038e-01,2.009569377990430561e-01,2.019230769230769273e-01,2.009569377990430561e-01,1.615720524017467130e-01,2.390243902439024293e-01,2.155963302752293698e-01,1.674008810572687189e-01,1.957671957671957563e-01,1.855203619909502333e-01,1.651785714285714246e-01,2.487804878048780477e-01,2.500000000000000000e-01,2.130434782608695565e-01,2.035398230088495686e-01,1.314553990610328738e-01,1.724137931034482873e-01,1.911764705882352811e-01,1.681034482758620718e-01,1.911764705882352811e-01,1.666666666666666574e-01,1.023255813953488358e-01,9.345794392523364136e-02,1.361502347417840320e-01,2.228571428571428648e-01,1.683673469387755028e-01,2.322274881516587786e-01,1.971830985915492829e-01,1.719457013574660631e-01,1.554621848739495826e-01,1.921182266009852091e-01,1.979695431472081324e-01,1.568627450980392135e-01,1.697247706422018443e-01,2.198952879581151931e-01,1.512605042016806622e-01,1.320754716981132060e-01
2.264808362369337968e-01,1.201413427561837388e-01,1.518518518518518490e-01,1.449275362318840632e-01,1.263537906137184030e-01,1.672597864768683162e-01,1.660777385159010466e-01,1.603053435114503711e-01,1.000000000000000000e+00,1.594202898550724501e-01,1.360294117647058709e-01,1.228668941979522145e-01,1.798561151079136611e-01,1.391941391941391992e-01,1.459854014598540028e-01,1.567164179104477695e-01,1.590106007067137728e-01,1.335616438356164448e-01,1.464285714285714357e-01,1.518518518518518490e-01,1.538461538461538547e-01,1.529850746268656692e-01,1.575091575091575047e-01,1.527272727272727393e-01,1.716417910447761153e-01,1.379310344827586188e-01,1.382978723404255372e-01,1.428571428571428492e-01,1.478873239436619691e-01,1.660516605166051651e-01,1.691729323308270583e-01,1.386138613861386260e-01,1.362007168458781448e-01,1.453287197231833972e-01,2.080291970802919665e-01,1.312056737588652433e-01,1.464285714285714357e-01,1.689655172413793149e-01,1.689655172413793149e-01,2.234848484848484806e-01,1.003460207612456717e-01,1.541218637992831653e-01,1.533101045296167142e-01,1.860465116279069742e-01,1.492537313432835688e-01,1.644736842105263275e-01,1.354838709677419484e-01,1.624548736462093912e-01,1.902985074626865614e-01,1.453900709219858034e-01,1.250000000000000000e-01,1.194539249146757687e-01,2.099236641221373934e-01,2.359550561797752743e-01,2.131782945736434010e-01,2.046332046332046406e-01,2.159090909090909116e-01,1.619718309859154992e-01,1.993006993006992966e-01,1.918819188191882019e-01,1.267123287671232945e-01,1.715328467153284797e-01,1.697416974169741744e-01,1.931818181818181768e-01,1.764705882352941291e-01,1.891891891891891997e-01,1.635687732342007428e-01,1.717557251908397031e-01,1.578947368421052544e-01,1.381818181818181834e-01,1.470588235294117696e-01,1.720430107526881858e-01,1.839999999999999969e-01,1.910112359550561745e-01,1.925925925925925930e-01,1.423841059602649062e-01,1.575342465753424570e-01,1.225165562913907297e-01,1.513157894736842091e-01,1.355311355311355215e-01,1.722972972972972860e-01,1.638225255972696193e-01,1.917293233082706660e-01,1.428571428571428492e-01,1.345454545454545514e-01,2.159090909090909116e-01,1.739130434782608647e-01,1.088435374149659823e-01,1.339869281045751592e-01,1.433823529411764608e-01,2.022900763358778664e-01,1.231884057971014551e-01,1.781818181818181912e-01,1.555555555555555580e-01,1.655172413793103425e-01,1.584507042253521236e-01,1.258992805755395628e-01,1.843971631205673645e-01,1.702127659574468044e-01,2.131782945736434010e-01,1.861313868613138633e-01,2.134831460674157244e-01,1.992619926199261926e-01,1.764705882352941291e-01,2.377358490566037763e-01,1.491525423728813637e-01,2.194244604316546721e-01,1.627906976744186163e-01,2.218181818181818310e-01,1.092715231788079500e-01,1.870503597122302186e-01,1.802120141342756221e-01,1.766666666666666663e-01,1.571906354515050230e-01,1.290322580645161255e-01,1.495016611295681142e-01,1.402877697841726501e-01,1.774744027303754301e-01,2.192307692307692291e-01,1.642335766423357601e-01,1.187050359712230191e-01,1.039426523297490995e-01,1.366906474820143991e-01,1.755102040816326481e-01,1.180811808118081147e-01,1.928571428571428659e-01,1.877256317689530718e-01,2.109090909090909072e-01,1.518151815181518205e-01,1.703703703703703665e-01,2.350597609561753121e-01,1.969111969111969063e-01,1.792114695340501773e-01,1.412639405204461074e-01,1.796610169491525411e-01,8.650519031141867821e-02
1.351351351351351426e-01,2.046511627906976716e-01,2.163461538461538547e-01,1.889400921658986043e-01,1.545454545454545414e-01,1.842105263157894635e-01,2.035398230088495686e-01,2.238805970149253810e-01,1.594202898550724501e-01,1.000000000000000000e+00,2.425742574257425677e-01,2.431192660550458851e-01,2.500000000000000000e-01,2.974358974358974339e-01,2.132701421800947961e-01,1.886792452830188815e-01,2.735849056603773533e-01,1.973684210526315819e-01,2.405660377358490587e-01,2.650000000000000133e-01,2.099999999999999922e-01,1.728971962616822344e-01,1.569506726457399193e-01,1.666666666666666574e-01,1.636363636363636354e-01,2.131979695431472088e-01,2.064220183486238647e-01,1.391304347826086973e-01,1.806167400881057150e-01,2.056074766355140138e-01,2.401960784313725561e-01,1.081081081081081141e-01,2.102803738317756965e-01,2.133333333333333470e-01,1.869565217391304379e-01,1.651785714285714246e-01,2.064220183486238647e-01,2.112068965517241437e-01,2.060085836909871237e-01,1.883408071748878809e-01,1.353711790393013203e-01,1.681415929203539938e-01,1.818181818181818232e-01,2.525252525252525415e-01,1.627906976744186163e-01,1.983805668016194457e-01,2.000000000000000111e-01,2.511848341232227333e-01,2.139534883720930203e-01,2.383177570093457931e-01,1.152542372881355942e-01,1.688311688311688319e-01,2.274881516587677621e-01,1.982378854625550524e-01,2.085308056872037796e-01,2.270531400966183666e-01,2.583732057416268102e-01,2.035398230088495686e-01,1.825726141078838072e-01,2.325581395348837177e-01,1.016260162601625994e-01,2.464454976303317446e-01,2.333333333333333370e-01,2.849999999999999756e-01,2.186046511627907085e-01,2.254901960784313764e-01,2.561576354679803158e-01,3.315508021390374260e-01,2.437810945273631846e-01,1.915887850467289655e-01,2.211538461538461453e-01,2.062780269058296090e-01,2.395833333333333426e-01,2.264150943396226467e-01,2.394366197183098455e-01,1.714285714285714302e-01,1.814345991561181481e-01,1.708333333333333370e-01,2.166666666666666741e-01,1.943127962085308136e-01,2.245762711864406902e-01,2.358078602620087283e-01,2.634146341463414753e-01,2.186046511627907085e-01,2.330097087378640852e-01,2.405660377358490587e-01,1.981981981981981999e-01,1.806167400881057150e-01,2.142857142857142738e-01,2.401960784313725561e-01,2.722772277227722970e-01,1.943127962085308136e-01,2.314814814814814825e-01,2.330097087378640852e-01,1.965811965811965767e-01,1.782608695652173891e-01,1.915887850467289655e-01,2.488687782805429904e-01,2.197309417040358703e-01,2.142857142857142738e-01,2.654028436018957549e-01,2.488262910798122174e-01,2.898550724637681264e-01,2.155172413793103314e-01,2.272727272727272652e-01,2.378854625550660684e-01,1.516393442622950838e-01,2.474226804123711432e-01,1.931330472103004181e-01,1.737288135593220428e-01,2.592592592592592449e-01,2.488687782805429904e-01,2.606837606837607013e-01,2.255319148936170137e-01,1.735159817351598077e-01,2.100840336134453812e-01,1.772727272727272763e-01,1.859504132231404872e-01,2.451923076923076816e-01,2.027649769585253559e-01,1.605504587155963392e-01,1.520737327188940169e-01,1.780821917808219079e-01,1.734693877551020391e-01,1.778846153846153910e-01,2.545454545454545192e-01,2.374429223744292106e-01,2.168141592920354022e-01,1.926229508196721230e-01,2.112676056338028130e-01,2.115384615384615363e-01,1.830985915492957805e-01,1.885964912280701788e-01,2.575757575757575690e-01,1.836734693877551117e-01,1.636363636363636354e-01
1.320000000000000062e-01,1.809523809523809479e-01,1.690821256038647358e-01,1.542056074766355034e-01,8.968609865470851539e-02,1.719457013574660631e-01,1.917808219178082085e-01,1.749999999999999889e-01,1.360294117647058709e-01,2.425742574257425677e-01,1.000000000000000000e+00,1.555555555555555580e-01,1.880733944954128545e-01,1.921182266009852091e-01,2.068965517241379282e-01,1.642512077294686068e-01,2.102803738317756965e-01,2.242990654205607448e-01,2.057416267942583643e-01,1.921182266009852091e-01,1.666666666666666574e-01,1.538461538461538547e-01,1.435185185185185175e-01,1.643192488262910922e-01,1.502347417840375621e-01,1.343283582089552231e-01,1.559633027522935866e-01,1.306306306306306286e-01,1.524663677130044803e-01,1.227272727272727265e-01,1.747572815533980639e-01,1.596638655462184753e-01,1.753554502369668311e-01,1.592920353982300863e-01,1.491228070175438514e-01,1.111111111111111049e-01,1.830985915492957805e-01,1.894273127753303976e-01,1.440677966101694962e-01,1.598173515981735071e-01,1.216216216216216284e-01,1.396396396396396289e-01,1.644444444444444486e-01,1.504854368932038722e-01,1.327014218009478774e-01,1.400000000000000133e-01,1.185770750988142247e-01,1.345291479820627800e-01,1.792452830188679125e-01,1.651376146788990917e-01,1.236749116607773896e-01,1.990740740740740700e-01,1.643192488262910922e-01,1.704035874439461806e-01,1.401869158878504551e-01,1.626794258373205626e-01,1.666666666666666574e-01,1.397379912663755386e-01,1.416666666666666630e-01,2.390243902439024293e-01,1.607142857142857262e-01,2.173913043478260809e-01,1.753554502369668311e-01,1.770334928229665150e-01,2.009569377990430561e-01,1.773399014778325178e-01,1.902439024390243927e-01,2.395833333333333426e-01,2.070707070707070718e-01,1.902439024390243927e-01,1.626794258373205626e-01,1.365638766519823855e-01,1.237623762376237613e-01,1.635514018691588689e-01,1.767441860465116255e-01,1.358024691358024616e-01,1.545064377682403567e-01,1.203319502074688824e-01,1.856540084388185741e-01,1.586538461538461453e-01,1.487603305785124008e-01,1.574468085106383031e-01,1.643192488262910922e-01,1.513761467889908341e-01,1.739130434782608647e-01,1.720930232558139650e-01,1.643835616438356073e-01,1.422222222222222221e-01,1.440329218106995990e-01,1.804878048780487743e-01,1.770334928229665150e-01,1.476190476190476220e-01,1.590909090909090884e-01,1.739130434782608647e-01,1.798245614035087758e-01,1.255411255411255367e-01,1.296296296296296224e-01,1.777777777777777846e-01,1.153846153846153910e-01,1.455399061032863761e-01,1.797235023041474644e-01,1.751152073732718806e-01,2.487804878048780477e-01,1.630901287553647994e-01,1.990740740740740700e-01,1.842105263157894635e-01,1.440677966101694962e-01,1.379310344827586188e-01,1.814159292035398274e-01,1.319148936170212727e-01,2.196261682242990620e-01,2.325581395348837177e-01,2.188841201716738294e-01,1.888412017167382106e-01,1.549295774647887203e-01,1.939655172413793094e-01,1.643192488262910922e-01,1.129032258064516098e-01,1.588785046728971861e-01,1.312217194570135803e-01,1.050228310502283047e-01,9.633027522935780351e-02,1.278538812785388057e-01,1.465968586387434436e-01,1.359223300970873738e-01,2.045454545454545581e-01,1.555555555555555580e-01,1.785714285714285754e-01,1.428571428571428492e-01,1.435185185185185175e-01,1.930693069306930743e-01,1.157407407407407413e-01,1.255411255411255367e-01,2.268041237113402053e-01,1.115537848605577670e-01,1.238532110091743188e-01
