1.000000000000000000e+00,5.870088211708099912e-01,6.049481245011971708e-01,6.067415730337079038e-01,5.871417505809449766e-01,6.482701812191103974e-01,6.193228736581337657e-01,5.834645669291338432e-01,7.399678972712681047e-01,6.202735317779565216e-01,6.018735362997658100e-01,6.538768984812149965e-01,6.411906677393403031e-01,6.543014996053669874e-01,6.317859952793076772e-01,6.370716510903426943e-01,6.082317073170732113e-01,6.428009441384736622e-01,6.365814696485623259e-01,6.084828711256117240e-01,6.039525691699604293e-01,6.188118811881188064e-01,6.058631921824104705e-01,6.160787530762920072e-01,6.257309941520468044e-01,6.456111566858080408e-01,6.452674897119341502e-01,6.378466557911908197e-01,6.003236245954692851e-01,6.161290322580644796e-01,6.226568867155664044e-01,4.532739987285441807e-01,6.652754590984975014e-01,5.867098865478119762e-01,6.410891089108911034e-01,6.505546751188590049e-01,6.013071895424836333e-01,6.286407766990291801e-01,6.621848739495798108e-01,6.379170056956875445e-01,6.148023549201009352e-01,5.993322203672788451e-01,6.001683501683501287e-01,6.485188150520416750e-01,5.802469135802469369e-01,6.379870129870129913e-01,5.972886762360446467e-01,6.197411003236246163e-01,5.974130962004849943e-01,6.342477140482127851e-01,4.768583450210378549e-01,5.949790794979079589e-01,6.862910008410428864e-01,6.815181518151814943e-01,6.947890818858560857e-01,6.680567139282735933e-01,6.448132780082987958e-01,6.484055600981193379e-01,6.064189189189189699e-01,5.896381578947368363e-01,5.312944523470839453e-01,5.897009966777408962e-01,6.302040816326530681e-01,5.753871230643846646e-01,6.236905721192587126e-01,6.048053024026511792e-01,6.130081300813008394e-01,6.400329489291598506e-01,6.561199000832639294e-01,6.437552388935456893e-01,6.733837111670865072e-01,6.260364842454394507e-01,6.691542288557214002e-01,6.720911310008136352e-01,6.642216788916055492e-01,5.960099750623440995e-01,6.155129274395328975e-01,5.719035743973399644e-01,5.875202593192868639e-01,6.538139145012573650e-01,5.990220048899755900e-01,5.916187345932620856e-01,6.177924217462932299e-01,6.009811937857726383e-01,6.062602965403623978e-01,6.843413421706711075e-01,6.600496277915632870e-01,5.671031096563011742e-01,5.797101449275362528e-01,6.029292107404393697e-01,6.104319478402607801e-01,5.919540229885057459e-01,6.072908036454017777e-01,6.016460905349794164e-01,6.252129471890971457e-01,6.469594594594594295e-01,6.695278969957081383e-01,6.674816625916870638e-01,6.587947882736155947e-01,6.849757673667205005e-01,6.629032258064516681e-01,6.872427983539094454e-01,6.149425287356321546e-01,6.359060402684564295e-01,6.801909307875895205e-01,6.132596685082872812e-01,6.444622792937400035e-01,6.789606035205364432e-01,6.570972886762360687e-01,6.378205128205127750e-01,6.176948051948052409e-01,6.284779050736497563e-01,5.799842395587075927e-01,6.160572337042925506e-01,6.327212020033389228e-01,5.980148883374689639e-01,5.786885245901639552e-01,6.383855024711696524e-01,6.883116883116883189e-01,6.146261298274445783e-01,5.931623931623931645e-01,6.153846153846154188e-01,6.478040540540540571e-01,6.554487179487179516e-01,6.570212765957447187e-01,6.343467543138866516e-01,6.789297658862876172e-01,6.477635782747603876e-01,6.454545454545455030e-01,6.771784232365145595e-01,6.999188969991889664e-01,6.779521056977704241e-01,6.092136616362192614e-01,6.176470588235294379e-01,6.383333333333333082e-01,6.062658763759525282e-01
5.870088211708099912e-01,1.000000000000000000e+00,8.005865102639295738e-01,7.675988428158148080e-01,5.878378378378378288e-01,6.684881602914389820e-01,6.365296803652967794e-01,6.017391304347825542e-01,5.928286852589641498e-01,6.458519179304192948e-01,6.373913043478260931e-01,6.740088105726872447e-01,7.228360957642725459e-01,7.282511210762331322e-01,6.522116218560277678e-01,6.663793103448275579e-01,6.819757365684575579e-01,7.241689128481580973e-01,6.830796777081468152e-01,6.450729927007299302e-01,8.181818181818182323e-01,6.255666364460562567e-01,6.214028776978417490e-01,6.283905967450271746e-01,6.408125577100646231e-01,6.791590493601462608e-01,6.960148285449490047e-01,7.819767441860464574e-01,7.512100677637947310e-01,7.798254122211445427e-01,7.775609756097561220e-01,4.783519553072625441e-01,6.303571428571428381e-01,6.973434535104364729e-01,6.425992779783393782e-01,6.275510204081632404e-01,6.864406779661016422e-01,6.493738819320215017e-01,6.657458563535911811e-01,6.048738033072236231e-01,6.303538175046554670e-01,6.357677902621723387e-01,6.217228464419475298e-01,6.420503909643787699e-01,6.967054263565891636e-01,6.176727909011373585e-01,6.374999999999999556e-01,6.022727272727272929e-01,6.487226277372263317e-01,6.516544117647058432e-01,4.487658937920718238e-01,5.863013698630137327e-01,6.645512239347234340e-01,6.380368098159509005e-01,6.578483245149912007e-01,6.436265709156193671e-01,6.407239819004525438e-01,6.730072463768116409e-01,6.135940409683426910e-01,6.594543744120413553e-01,5.796178343949044409e-01,6.187384044526901272e-01,6.894639556377079037e-01,6.168652612282309322e-01,6.423487544483985623e-01,6.663524976437322778e-01,6.899441340782123122e-01,7.140169332079021602e-01,6.805170821791320934e-01,6.531365313653136884e-01,6.566757493188011274e-01,6.779026217228464324e-01,6.493738819320215017e-01,6.734693877551020114e-01,6.429824561403508776e-01,6.258124419684307771e-01,6.102003642987249288e-01,5.929694727104533047e-01,6.361974405850091552e-01,6.444849589790336841e-01,6.788389513108614715e-01,6.205316223648029705e-01,7.014218009478673244e-01,6.766635426429240541e-01,6.738721804511278446e-01,6.583629893238434061e-01,6.633484162895927350e-01,6.348314606741572996e-01,6.632653061224489388e-01,6.660499537465309761e-01,6.654377880184332295e-01,6.713881019830028052e-01,6.352723915050785264e-01,6.716839134524928978e-01,6.101851851851851638e-01,5.915996425379803636e-01,6.414048059149722869e-01,6.321739130434782528e-01,6.328671328671329199e-01,6.640625000000000000e-01,6.722614840989399321e-01,6.660761736049601867e-01,6.710037174721189546e-01,6.644859813084111888e-01,6.522108843537415268e-01,6.505281690140845008e-01,6.262975778546713279e-01,6.779505946935041605e-01,6.150592216582064786e-01,6.534391534391534861e-01,6.627164995442115236e-01,6.660567246111619433e-01,6.510791366906474309e-01,6.451897616946160596e-01,6.874409820585457576e-01,6.522961574507966098e-01,6.544256120527306431e-01,6.485507246376811530e-01,6.675392670157067609e-01,6.371923427529626593e-01,6.158245948522402813e-01,6.669856459330143483e-01,6.576744186046511453e-01,6.524390243902439268e-01,6.757775683317625015e-01,6.163410301953818893e-01,6.419642857142857650e-01,6.010143702451394843e-01,6.669716376944190284e-01,6.491540516473730538e-01,6.484174508126604453e-01,6.515957446808510189e-01,6.404593639575971720e-01,7.149621212121212155e-01,6.189189189189189255e-01,6.179775280898875955e-01
6.049481245011971708e-01,8.005865102639295738e-01,1.000000000000000000e+00,7.711301044634377710e-01,6.148648648648649129e-01,6.914700544464610354e-01,6.842105263157894912e-01,6.099656357388316685e-01,6.183266932270916616e-01,6.788908765652951205e-01,6.710296684118673971e-01,7.327354260089685711e-01,7.685873605947954879e-01,7.169149868536371928e-01,6.756055363321799012e-01,6.723404255319148648e-01,7.246503496503496899e-01,7.357651245551601882e-01,6.965394853593611657e-01,7.149532710280374070e-01,8.227360308285164292e-01,6.265597147950089374e-01,6.138962181178539979e-01,6.164021164021163957e-01,6.356238698010849841e-01,6.466960352422908009e-01,6.714542190305206049e-01,7.437092264678472064e-01,7.417218543046357748e-01,7.951923076923076428e-01,8.035019455252918608e-01,4.975609756097560954e-01,6.983546617915904475e-01,7.714007782101167665e-01,6.476868327402135472e-01,6.505513146734520635e-01,6.724770642201834958e-01,6.750000000000000444e-01,6.797445255474452441e-01,6.456140350877193068e-01,6.121157323688969365e-01,6.143375680580762666e-01,6.080218778486782272e-01,6.611927398444252812e-01,7.277131782945736038e-01,6.660761736049601867e-01,6.382791922739244894e-01,6.388400702987697688e-01,6.274336283185840690e-01,6.998141263940520496e-01,4.683072334079045329e-01,5.822898032200357621e-01,6.981818181818182367e-01,6.808134394341290863e-01,6.757230499561788228e-01,7.013698630136986356e-01,6.818596171376480886e-01,6.746880570409982125e-01,6.045454545454544970e-01,6.386861313868613665e-01,6.076555023923444487e-01,6.332720588235294379e-01,6.787003610108303109e-01,6.312443233424159805e-01,6.663708961845608014e-01,6.666666666666666297e-01,7.149489322191272533e-01,7.392120075046904049e-01,7.455230914231856243e-01,6.447249774571686132e-01,6.750902527075812731e-01,6.491862567811934603e-01,6.645962732919254989e-01,6.898678414096915956e-01,6.608544027898866080e-01,6.179673321234119276e-01,6.114592658907789247e-01,5.787578757875787572e-01,6.138175376439326536e-01,6.645512239347234340e-01,6.515837104072398356e-01,6.114592658907789247e-01,6.885397412199630862e-01,6.660567246111619433e-01,7.023474178403755763e-01,6.853333333333333499e-01,6.741271262309758150e-01,6.003600360036003281e-01,6.367713004484304440e-01,6.558265582655826709e-01,6.522911051212938460e-01,6.501831501831502047e-01,6.155913978494623739e-01,6.505474452554744769e-01,6.041666666666666297e-01,6.496815286624203489e-01,6.694367497691597890e-01,6.730937773882559316e-01,6.873889875666074900e-01,6.859861591695501915e-01,7.020335985853227712e-01,7.019572953736654686e-01,6.697080291970802790e-01,6.617781851512374303e-01,6.610597140454163023e-01,7.164716471647164520e-01,6.327924850555081138e-01,7.087912087912088266e-01,6.256281407035175768e-01,6.772207563764292004e-01,7.329598506069093800e-01,7.015610651974287792e-01,6.589698046181172719e-01,7.096483318304779297e-01,6.551410373066424153e-01,6.467889908256880815e-01,6.534195933456562466e-01,6.882406563354603879e-01,7.014010507880911183e-01,6.336014298480786566e-01,6.095060577819197967e-01,6.410730804810360617e-01,6.874418604651162390e-01,6.906222611744083917e-01,7.140151515151514916e-01,6.447602131438721074e-01,7.055606198723791689e-01,6.447480785653287860e-01,6.583184257602862077e-01,6.927223719676549596e-01,6.829896907216495006e-01,6.769911504424779292e-01,6.397569444444444198e-01,7.288930581613508597e-01,6.330357142857142572e-01,6.102470265324794196e-01
6.067415730337079038e-01,7.675988428158148080e-01,7.711301044634377710e-01,1.000000000000000000e+00,6.264957264957264904e-01,6.606982990152193702e-01,6.147686832740213436e-01,6.161178509532062586e-01,6.009501187648456089e-01,6.187175043327556301e-01,6.207482993197278587e-01,6.449957228400342579e-01,7.078449053201082419e-01,7.015706806282722141e-01,6.270042194092827481e-01,6.259351620947630757e-01,6.771989752348419600e-01,7.095070422535211252e-01,6.292808219178082085e-01,6.102292768959435287e-01,7.764150943396226356e-01,6.243291592128801248e-01,6.116504854368931543e-01,6.358744394618833784e-01,6.245487364620938564e-01,6.970802919708029011e-01,6.968864468864468531e-01,7.516462841015992824e-01,7.666345226615236541e-01,7.661596958174905492e-01,7.723342939481268044e-01,5.028089887640448952e-01,6.348364279398762688e-01,6.731301939058171868e-01,6.693840579710145233e-01,6.569717707442258581e-01,6.611721611721611547e-01,6.449339207048457867e-01,6.776556776556776907e-01,5.916453537936914309e-01,6.260311640696608615e-01,6.090909090909091272e-01,5.983606557377049162e-01,6.406518010291595289e-01,6.815165876777251608e-01,6.137931034482758674e-01,6.218340611353712077e-01,5.917667238421955300e-01,6.310160427807486316e-01,6.560509554140127042e-01,4.475627769571639547e-01,5.616681455190771777e-01,6.627906976744185608e-01,6.409366869037294023e-01,6.634615384615384359e-01,6.363636363636363535e-01,6.392857142857142350e-01,6.666666666666666297e-01,5.949137148047229928e-01,5.998209489704565689e-01,5.878164556962025555e-01,5.618374558303886879e-01,6.556350626118068181e-01,5.814159292035397941e-01,6.280487804878048808e-01,6.341240875912408370e-01,6.618444846292947936e-01,6.833941605839416455e-01,6.831050228310502348e-01,6.351351351351350871e-01,6.535362578334825701e-01,6.530054644808742648e-01,6.522123893805309436e-01,6.442721791559000710e-01,6.260720411663808216e-01,5.726950354609928739e-01,5.919999999999999707e-01,5.692446043165467762e-01,5.875656742556917278e-01,6.026315789473684070e-01,6.228775692582663170e-01,5.724319578577700129e-01,6.880222841225627217e-01,6.398190045248868252e-01,6.580882352941176405e-01,6.394439617723718383e-01,6.310254163014898943e-01,5.965703971119133975e-01,6.272401433691756623e-01,6.329453894359892141e-01,6.209034543844109688e-01,6.285195277020889648e-01,5.764499121265377335e-01,6.348773841961853348e-01,5.859585958595859845e-01,5.824561403508772273e-01,6.339691189827429962e-01,6.421780466724287262e-01,6.358131487889273625e-01,6.510638297872340940e-01,6.376068376068375620e-01,6.484848484848484418e-01,6.215494211932324209e-01,6.370235934664246757e-01,6.703483432455394908e-01,6.418685121107265967e-01,6.519097222222222099e-01,6.699640287769784708e-01,6.414613423959217853e-01,6.305841924398625231e-01,6.520572450805008913e-01,6.552962298025134524e-01,6.321334503950833961e-01,6.451612903225806273e-01,6.484517304189435505e-01,6.598513011152415952e-01,6.226071103008203877e-01,6.484794275491949644e-01,6.658053402239448859e-01,6.140195208518189895e-01,6.101218369259606700e-01,6.510757717492984264e-01,6.759517177344475103e-01,6.871704745166959949e-01,6.974552309142318940e-01,5.929127052722558133e-01,6.463306808134394732e-01,6.273344651952461604e-01,6.487935656836461007e-01,6.548984995586937252e-01,6.497461928934009645e-01,6.514886164623467923e-01,6.027280477408354376e-01,6.794871794871795156e-01,6.007036059806508677e-01,6.020128087831656538e-01
5.871417505809449766e-01,5.878378378378378288e-01,6.148648648648649129e-01,6.264957264957264904e-01,1.000000000000000000e+00,6.596858638743455794e-01,7.066911090742438173e-01,7.885874649204864806e-01,6.459824980111376069e-01,6.297872340425532123e-01,5.878048780487804548e-01,6.321458160729079845e-01,5.975308641975308754e-01,6.170040485829959565e-01,6.228430566967954052e-01,5.985634477254588859e-01,5.784929356357927377e-01,5.950280673616680227e-01,5.892420537897310462e-01,5.673640167364016884e-01,6.314454775993237901e-01,6.633928571428571175e-01,6.648888888888888626e-01,6.645907473309609070e-01,6.565022421524663310e-01,6.786971830985915055e-01,6.888888888888888840e-01,6.528138528138528462e-01,5.991489361702128091e-01,6.157760814249363390e-01,6.324417601380500908e-01,5.347368421052631771e-01,6.704845814977973273e-01,6.235807860262009283e-01,7.135086128739800415e-01,6.885106382978722905e-01,6.295971978984238326e-01,6.774758983347940466e-01,7.097361237488626351e-01,6.716157205240174122e-01,6.405405405405405483e-01,6.518181818181818521e-01,6.278229448961156756e-01,6.911130284728214113e-01,6.375899280575539896e-01,6.892605633802817433e-01,6.790123456790123635e-01,6.885536823425022490e-01,6.364428945074106503e-01,6.684539767649687603e-01,5.618677042801556443e-01,6.250000000000000000e-01,7.033065236818587529e-01,7.083700440528634124e-01,7.060367454068241511e-01,6.704745166959578118e-01,6.857654431512981708e-01,7.100802854594112645e-01,6.556473829201101555e-01,6.433691756272401641e-01,6.497991967871485919e-01,6.292639138240574415e-01,6.634531113058720342e-01,6.374999999999999556e-01,7.091882247992863375e-01,6.603432700993676630e-01,6.890681003584229192e-01,6.743362831858407125e-01,6.740478299379982774e-01,6.580587711487088098e-01,6.986547085201794127e-01,6.942675159235668358e-01,7.104557640750670533e-01,6.935064935064935154e-01,6.750000000000000444e-01,6.288014311270124779e-01,6.294326241134752253e-01,6.732026143790850181e-01,6.416593115622242216e-01,6.295652173913043326e-01,6.633928571428571175e-01,6.279893711248892840e-01,6.374012291483757142e-01,6.869328493647912648e-01,6.796733212341198316e-01,6.920384951881014546e-01,6.605744125326370453e-01,6.509090909090908816e-01,7.123161764705882026e-01,6.901535682023487439e-01,6.773905272564789692e-01,6.788321167883211160e-01,6.248896734333627689e-01,6.882998171846435032e-01,6.460418562329390824e-01,6.690712353471596208e-01,6.951331496786041786e-01,6.959930313588850170e-01,6.606683804627249135e-01,6.896258503401360151e-01,6.820908311910882649e-01,6.862575626620570635e-01,6.663693131132917280e-01,6.571172784243509701e-01,6.636363636363636909e-01,6.752799310938846222e-01,6.781411359724612842e-01,7.184115523465703923e-01,6.856899488926746500e-01,6.061106523534268709e-01,6.643233743409490133e-01,6.853832442067736563e-01,6.545138888888888395e-01,6.759098786828422467e-01,6.580357142857142794e-01,6.588235294117646967e-01,6.356311548791405697e-01,6.905187835420393272e-01,6.661059714045416413e-01,6.601423487544484381e-01,6.619585687382297801e-01,6.487716105550500600e-01,6.944190301921316921e-01,7.179039301310043975e-01,6.485280999107939648e-01,6.578947368421053099e-01,6.672489082969432772e-01,6.476510067114094049e-01,7.075812274368230570e-01,7.176050044682752427e-01,6.981292517006802978e-01,6.692573402417961725e-01,6.712922810060710788e-01,6.313963573287076914e-01,6.263066202090592505e-01,6.315789473684210176e-01
6.482701812191103974e-01,6.684881602914389820e-01,6.914700544464610354e-01,6.606982990152193702e-01,6.596858638743455794e-01,1.000000000000000000e+00,7.178030303030302761e-01,6.394019349164468125e-01,6.743993371996686026e-01,7.112740604949587819e-01,6.784140969162996138e-01,7.008849557522124352e-01,6.992818671454219537e-01,6.918402777777777901e-01,6.963028169014084945e-01,6.428571428571429047e-01,6.399331662489556871e-01,6.632390745501285378e-01,6.625874125874126053e-01,6.575840145322434660e-01,6.818588025022341848e-01,7.351816443594646477e-01,7.120075046904315030e-01,7.037383177570093462e-01,7.068311195445919903e-01,7.373831775700934177e-01,7.688634192932187750e-01,7.327746741154562704e-01,7.208646616541353191e-01,7.290502793296089745e-01,7.412653446647781141e-01,4.670781893004115060e-01,7.583254043767839736e-01,6.862197392923650163e-01,7.344632768361581965e-01,7.441441441441440929e-01,7.039473684210526550e-01,7.309833024118738143e-01,7.986247544204322368e-01,7.229916897506925011e-01,6.966507177033492981e-01,7.258536585365853444e-01,6.930501930501929975e-01,7.654662973222530198e-01,7.031700288184438152e-01,7.802093244529020311e-01,7.427230046948356534e-01,7.666666666666667185e-01,7.189849624060150601e-01,7.763671875000000000e-01,5.139103554868624801e-01,6.864813039309684006e-01,7.695238095238094989e-01,7.672897196261682096e-01,7.676579925650557357e-01,7.732057416267942296e-01,8.276892430278884882e-01,7.749287749287748772e-01,6.972920696324951262e-01,7.373540856031128854e-01,5.945945945945946276e-01,7.023121387283236539e-01,7.535545023696682554e-01,7.256038647342994974e-01,7.328385899814471305e-01,7.311411992263056048e-01,7.281279397930385811e-01,7.462121212121212155e-01,7.779922779922779918e-01,7.375478927203065194e-01,7.801350048216008082e-01,7.342256214149139870e-01,7.603773584905660909e-01,7.142857142857143016e-01,7.087466185752930858e-01,6.917938931297710203e-01,7.063870352716873358e-01,6.593720266412940179e-01,6.731301939058171868e-01,7.226415094339622147e-01,6.962616822429906760e-01,6.918714555765594909e-01,7.321258341277406823e-01,7.165876777251184437e-01,7.155090390104662523e-01,7.176684881602913846e-01,7.206290471785383733e-01,6.806083650190114520e-01,6.915191053122087261e-01,7.198113207547169878e-01,7.093457943925233211e-01,7.082936129647282586e-01,6.867356538099718133e-01,7.149666348903718216e-01,6.900191938579653961e-01,7.386692381870780810e-01,7.205741626794258670e-01,7.061994609164420345e-01,7.181818181818181435e-01,7.297056199821587708e-01,7.236723672367236793e-01,7.363138686131386335e-01,7.366412213740457515e-01,7.573099415204678220e-01,7.591763652641002613e-01,7.403669724770641780e-01,7.578558225508318369e-01,8.019417475728155553e-01,7.490942028985507761e-01,7.564814814814815325e-01,7.597712106768350626e-01,7.386792452830188704e-01,7.030247479376718900e-01,7.642656688493919548e-01,7.327586206896551380e-01,6.776315789473684736e-01,6.735653809971777761e-01,7.576335877862595547e-01,7.430117222723173764e-01,7.514450867052022698e-01,7.050645481628600164e-01,7.379310344827586521e-01,7.651663405088062753e-01,7.445454545454545103e-01,7.543859649122807154e-01,6.992619926199261648e-01,7.606433301797540514e-01,6.719022687609075284e-01,7.412653446647781141e-01,7.563261480787254465e-01,7.464157706093189626e-01,7.616822429906542347e-01,6.897482014388489624e-01,7.082945013979496940e-01,6.999999999999999556e-01,7.326732673267326579e-01
6.193228736581337657e-01,6.365296803652967794e-01,6.842105263157894912e-01,6.147686832740213436e-01,7.066911090742438173e-01,7.178030303030302761e-01,1.000000000000000000e+00,7.760467380720544872e-01,6.563545150501671754e-01,7.122774133083411563e-01,6.622103386809269354e-01,7.031674208144796934e-01,6.633752244165170842e-01,6.730937773882559316e-01,6.833184656556645642e-01,6.537132987910190263e-01,6.119027661357920866e-01,6.530434782608696143e-01,6.699551569506726478e-01,6.697848456501402925e-01,6.520179372197308920e-01,7.216294859359845271e-01,6.919431279620853470e-01,6.900473933649289293e-01,7.011605415860735491e-01,6.642268984446477731e-01,7.110481586402266352e-01,6.706422018348623393e-01,6.356164383561644371e-01,6.700367647058823595e-01,6.750232126276694000e-01,4.688593421973408226e-01,7.519379844961240345e-01,7.160852713178295081e-01,6.593001841620625969e-01,6.573426573426572883e-01,6.632270168855535220e-01,7.676669893514036502e-01,7.354651162790697416e-01,7.129455909943714920e-01,7.141444114737883764e-01,7.135777998017839296e-01,6.886699507389162367e-01,7.365491651205936519e-01,7.158415841584158112e-01,7.521531100478469067e-01,7.019681349578257290e-01,7.401725790987535580e-01,6.766635426429240541e-01,7.475442043222003674e-01,5.716625716625716169e-01,7.121513944223107906e-01,7.633365664403491957e-01,7.396616541353383534e-01,7.224791859389454451e-01,7.332695984703633263e-01,7.243035542747358058e-01,7.271010387157695876e-01,6.715399610136452146e-01,7.235932872655478354e-01,5.957792207792207417e-01,7.568667344862665125e-01,6.805942432683379506e-01,7.252964426877470672e-01,7.730358874878758835e-01,7.447657028913260424e-01,7.880597014925373456e-01,7.548638132295719672e-01,7.736220472440944462e-01,7.024952015355085955e-01,7.415621986499517648e-01,7.090558766859345052e-01,7.507190795781399917e-01,7.790476190476190999e-01,7.467043314500941831e-01,7.209533267130089351e-01,7.190569744597249402e-01,6.955223880597014574e-01,7.527200791295747262e-01,7.289448209099709253e-01,7.504930966469427478e-01,7.173699705593719056e-01,6.923809523809524302e-01,7.379784102060843454e-01,7.490079365079365115e-01,7.614503816793892765e-01,7.516843118383060851e-01,7.262737262737263277e-01,7.453294001966568327e-01,7.549212598425196763e-01,7.352085354025218455e-01,7.346534653465346398e-01,7.002909796314258362e-01,7.519920318725099584e-01,6.741245136186770903e-01,7.386587771203155794e-01,7.492537313432835466e-01,7.772466539196940527e-01,7.097966728280961091e-01,7.454044117647058432e-01,7.655367231638418035e-01,7.625354777672658235e-01,7.519685039370078705e-01,7.050290135396518609e-01,6.812227074235808200e-01,7.469426152398871421e-01,6.434245366284201406e-01,7.665369649805447994e-01,6.529720279720280240e-01,6.684636118598382692e-01,7.533980582524272274e-01,7.641878669275929958e-01,6.724931002759889642e-01,7.398680490103676233e-01,6.928229665071770071e-01,7.124631992149166315e-01,7.015655577299413359e-01,7.343599615014436699e-01,7.287671232876712368e-01,6.933333333333333570e-01,6.538461538461538547e-01,6.560999039385206899e-01,7.345132743362832173e-01,7.446610956360260047e-01,7.221135029354207591e-01,7.930348258706467757e-01,7.260663507109004211e-01,6.572438162544169682e-01,7.213740458015267532e-01,7.702702702702702853e-01,7.244805781391147059e-01,7.067530064754856678e-01,7.414772727272727071e-01,7.374031007751937761e-01,6.487488415199258451e-01,6.537717601547389235e-01
5.834645669291338432e-01,6.017391304347825542e-01,6.099656357388316685e-01,6.161178509532062586e-01,7.885874649204864806e-01,6.394019349164468125e-01,7.760467380720544872e-01,1.000000000000000000e+00,6.339501206757843788e-01,6.610619469026548511e-01,6.119528619528619151e-01,6.345177664974619436e-01,6.223358908780903809e-01,6.379598662207357496e-01,6.415254237288136041e-01,6.226259289843104616e-01,5.860128617363343784e-01,5.913539967373572237e-01,6.080740117746005202e-01,6.012216404886562282e-01,6.254295532646048095e-01,6.575840145322434660e-01,6.516651665166516283e-01,6.454219030520645939e-01,6.415607985480943354e-01,6.569148936170212671e-01,6.774774774774774411e-01,6.297909407665505110e-01,5.925605536332180234e-01,6.108714408973252574e-01,6.263157894736841591e-01,5.176553672316384080e-01,6.678635547576301512e-01,6.479638009049774050e-01,6.760180995475113530e-01,6.575809199318568554e-01,6.497737556561086203e-01,7.179487179487179516e-01,7.046296296296296058e-01,6.485061511423549918e-01,6.820754716981132226e-01,6.688555347091932335e-01,6.501403180542563165e-01,6.727589208006962140e-01,6.342804766269477534e-01,6.690328305235136996e-01,6.586666666666666226e-01,6.651785714285713969e-01,6.642533936651583426e-01,6.826126954921802881e-01,5.840707964601770108e-01,6.440520446096654750e-01,6.768402154398563964e-01,6.675438596491227727e-01,6.771929824561403466e-01,6.428571428571429047e-01,6.576819407008086538e-01,6.761819803746654811e-01,6.342592592592593004e-01,6.629629629629629761e-01,6.076555023923444487e-01,6.607476635514019092e-01,6.489361702127659504e-01,6.598890942698706352e-01,7.197802197802197766e-01,6.853932584269663009e-01,7.165427509293680330e-01,6.900638103919781718e-01,6.928702010968921243e-01,6.718606782768102859e-01,6.660682226211849244e-01,6.627164995442115236e-01,6.870503597122301631e-01,7.064056939501779375e-01,6.933333333333333570e-01,6.710402999062793361e-01,6.682113067655236494e-01,7.179236043095005293e-01,6.980428704566635778e-01,6.645512239347234340e-01,6.992551210428304964e-01,6.713091922005570700e-01,6.444644464446445120e-01,7.050561797752809001e-01,6.991565135895032590e-01,6.838365896980461711e-01,6.666666666666666297e-01,6.901140684410645987e-01,7.397521448999047067e-01,7.179006560449859853e-01,7.043558850787766668e-01,7.032136105860113950e-01,6.480804387568556146e-01,7.195817490494296198e-01,6.232813932172318605e-01,6.511839708561020235e-01,6.881419234360410808e-01,6.878868258178603146e-01,6.521739130434782705e-01,6.845289541918755383e-01,6.841644794400699725e-01,6.692844677137871345e-01,6.850828729281768226e-01,6.392405063291138889e-01,6.458333333333333703e-01,6.996434937611407667e-01,6.640557006092253634e-01,6.841155234657039230e-01,6.689595872742906124e-01,6.147332768839965933e-01,6.811594202898550998e-01,6.984417965169569253e-01,6.678571428571428159e-01,6.883348174532502028e-01,6.372637263726372847e-01,6.965973534971644510e-01,6.782363977485929007e-01,6.684684684684684131e-01,6.480067854113655823e-01,6.513098464317976788e-01,6.431969552806851009e-01,6.275229357798165486e-01,6.626947754353803566e-01,6.906222611744083917e-01,6.484517304189435505e-01,6.897810218978102093e-01,6.484581497797357041e-01,6.184873949579832164e-01,6.598030438675022147e-01,6.942446043165467762e-01,6.743589743589744057e-01,6.364421416234887774e-01,6.836007130124777120e-01,6.588658865886588556e-01,6.001749781277340157e-01,6.221198156682027358e-01
7.399678972712681047e-01,5.928286852589641498e-01,6.183266932270916616e-01,6.009501187648456089e-01,6.459824980111376069e-01,6.743993371996686026e-01,6.563545150501671754e-01,6.339501206757843788e-01,1.000000000000000000e+00,6.509740259740259827e-01,6.225528582615504902e-01,6.738782051282051766e-01,6.666666666666666297e-01,6.887470071827613838e-01,6.658711217183770348e-01,6.695515342250196733e-01,6.384615384615384137e-01,6.481626270523846989e-01,6.848534201954397105e-01,6.181965881397237794e-01,6.236133122028526543e-01,6.697556866048862689e-01,6.476426799007444224e-01,6.611018363939900055e-01,6.548821548821548433e-01,6.606557377049180335e-01,6.672171758876961345e-01,6.461038961038960693e-01,6.296900489396410894e-01,6.495517522412388445e-01,6.551440329218106706e-01,4.687898089171974592e-01,6.989881956155142850e-01,6.146938775510204511e-01,6.982248520710059303e-01,6.743630573248408089e-01,6.084484159220145960e-01,6.677604593929450383e-01,6.989795918367347483e-01,6.815550041356492894e-01,6.288832913518052070e-01,6.547008547008547064e-01,6.362862010221465026e-01,7.082990961380444261e-01,6.496598639455782864e-01,6.926910299003322669e-01,6.500815660685155262e-01,6.724565756823821516e-01,6.175040518638573728e-01,6.605351170568561914e-01,5.174875089221984137e-01,6.335877862595419296e-01,7.263427109974424090e-01,7.279596977329975127e-01,7.270450751252086619e-01,7.133163698049194146e-01,7.023809523809523281e-01,6.826446280991735893e-01,6.357446808510638370e-01,6.207468879668049944e-01,5.977941176470588092e-01,6.279461279461279188e-01,6.505728314238952148e-01,6.127167630057803738e-01,6.558177379983726185e-01,6.486941870261162535e-01,6.548307184145334414e-01,6.606110652353427426e-01,6.811715481171548570e-01,6.675084175084174953e-01,7.073791348600508844e-01,6.759729272419627844e-01,7.272727272727272929e-01,7.162944582299420881e-01,6.887796887796887590e-01,6.112956810631229310e-01,6.186931348221670346e-01,5.898502495840266535e-01,6.181520850367947517e-01,6.622185154295245901e-01,6.285949055053410284e-01,6.027846027846027743e-01,6.410256410256410797e-01,6.279835390946502116e-01,6.321458160729079845e-01,7.165551839464883166e-01,6.962343096234309137e-01,5.873666940114847801e-01,6.232596232596232522e-01,6.459884201819685590e-01,6.482246077621800495e-01,6.311407160699417096e-01,6.091954022988506079e-01,6.396997497914929109e-01,6.506849315068493622e-01,6.968130921619293261e-01,7.161572052401746769e-01,7.259816207184628389e-01,7.155963302752293975e-01,7.448218724109362254e-01,7.093596059113300711e-01,7.293233082706767068e-01,6.641541038525963225e-01,6.694915254237288060e-01,7.110754414125201039e-01,6.433121019108279937e-01,6.834825061025223691e-01,7.275832621690861979e-01,6.864951768488746220e-01,6.303317535545023276e-01,6.405867970660146238e-01,6.570486397361912090e-01,5.957446808510638014e-01,6.397763578274759944e-01,6.675105485232067926e-01,6.293823038397329261e-01,6.069364161849710726e-01,6.811715481171548570e-01,7.298187808896210438e-01,6.473029045643153845e-01,6.339982653946226732e-01,6.546700942587831973e-01,6.947549441100602241e-01,6.849757673667205005e-01,6.655376799322607617e-01,6.713810316139766643e-01,7.274275979557069949e-01,6.558028616852146220e-01,6.786310517529214881e-01,7.267343485617597798e-01,7.502067824648469552e-01,7.114261884904087285e-01,6.446945337620578753e-01,6.556291390728476998e-01,6.703111858704794424e-01,6.287170773152082059e-01
6.202735317779565216e-01,6.458519179304192948e-01,6.788908765652951205e-01,6.187175043327556301e-01,6.297872340425532123e-01,7.112740604949587819e-01,7.122774133083411563e-01,6.610619469026548511e-01,6.509740259740259827e-01,1.000000000000000000e+00,7.201793721973094309e-01,7.671232876712328341e-01,7.438243366880146201e-01,7.135371179039301515e-01,7.017543859649122417e-01,6.950904392764858386e-01,6.860068259385665446e-01,6.715141146278871265e-01,6.931918656056587080e-01,7.161531279178338094e-01,6.406926406926406470e-01,6.709323583180987205e-01,6.709090909090908994e-01,6.660617059891107417e-01,6.762257169287696490e-01,6.595744680851063357e-01,7.063129002744739093e-01,6.687444345503116283e-01,6.478999106344950354e-01,6.696428571428570953e-01,6.958904109589041376e-01,4.699453551912568527e-01,7.152073732718894350e-01,7.094657919400187973e-01,6.386925795053003396e-01,6.391925988225399813e-01,7.081384471468662456e-01,7.382053654024052225e-01,7.058279370952821319e-01,6.943192064923354723e-01,6.722846441947565310e-01,6.732394366197183011e-01,6.828571428571428292e-01,6.960352422907488679e-01,6.722846441947565310e-01,7.189781021897809765e-01,6.960072595281306951e-01,6.874435411020777265e-01,6.930147058823529216e-01,7.348484848484848619e-01,5.503144654088050203e-01,6.732766761095373420e-01,7.118023787740164199e-01,7.215189873417721111e-01,7.159498207885304222e-01,7.358139534883720856e-01,7.287184284377923316e-01,7.109090909090909349e-01,6.694995278564683794e-01,7.166030534351145453e-01,5.761124121779859220e-01,7.098943323727185950e-01,7.091743119266055162e-01,7.264875239923224148e-01,6.900269541778976112e-01,7.220630372492836679e-01,7.145505097312325749e-01,7.322761194029850929e-01,7.633079847908744719e-01,6.963788300835654921e-01,7.086397058823529216e-01,6.730769230769231282e-01,7.128532360984503047e-01,7.431941923774955105e-01,7.266968325791854921e-01,7.189605389797882884e-01,6.882022471910111960e-01,6.606805293005670876e-01,6.898148148148147696e-01,7.316384180790960201e-01,7.068160597572362702e-01,6.929577464788732044e-01,7.134831460674156967e-01,7.014925373134328623e-01,7.051643192488262768e-01,6.865008880994671880e-01,6.919602529358627185e-01,6.865530303030302761e-01,6.941612604263206476e-01,7.320754716981131560e-01,7.198879551820728251e-01,7.092803030303029832e-01,6.862745098039215730e-01,7.159090909090909394e-01,6.672932330827067160e-01,7.067669172932330435e-01,6.877912395153774616e-01,6.920353982300885276e-01,6.991071428571428159e-01,6.944444444444444198e-01,7.092198581560283932e-01,6.970770593445526631e-01,7.308781869688385502e-01,6.956115779645191122e-01,6.862745098039215730e-01,7.176258992805755188e-01,6.565743944636678320e-01,6.990909090909090962e-01,6.474576271186440746e-01,7.347865576748410232e-01,7.390084190832554301e-01,7.329598506069093800e-01,6.765232974910394548e-01,7.061994609164420345e-01,6.548592188919164503e-01,6.866791744840525791e-01,6.953642384105960250e-01,6.666666666666666297e-01,6.995633187772926087e-01,7.016728624535315539e-01,6.570881226053639779e-01,6.654170571696345071e-01,6.997193638914873670e-01,6.947368421052632081e-01,6.865116279069767291e-01,7.271880819366852711e-01,7.287822878228782386e-01,6.515410958904109817e-01,7.052341597796143446e-01,7.185792349726776163e-01,7.135371179039301515e-01,6.976744186046511809e-01,6.773049645390071261e-01,7.140204271123491431e-01,6.489648964896489458e-01,6.951923076923076650e-01
6.018735362997658100e-01,6.373913043478260931e-01,6.710296684118673971e-01,6.207482993197278587e-01,5.878048780487804548e-01,6.784140969162996138e-01,6.622103386809269354e-01,6.119528619528619151e-01,6.225528582615504902e-01,7.201793721973094309e-01,1.000000000000000000e+00,7.231441048034934482e-01,7.279999999999999805e-01,7.079419299743808791e-01,7.458075904677846646e-01,7.159965782720273397e-01,6.853556485355648542e-01,6.725440806045339670e-01,6.953125000000000000e-01,7.163769441903019564e-01,6.507258753202390666e-01,6.311188811188811476e-01,6.228373702422145275e-01,6.225108225108224591e-01,6.270888302550571280e-01,6.352739726027397671e-01,6.547826086956521907e-01,6.383890317052270946e-01,6.336805555555555802e-01,6.548135299219427496e-01,6.666666666666666297e-01,4.777327935222672184e-01,6.940231935771632443e-01,6.911898274296094380e-01,6.096938775510204467e-01,6.193969030154848898e-01,6.914700544464610354e-01,6.756993006993007311e-01,6.350999131190269154e-01,6.342710997442455589e-01,6.417641764176417185e-01,6.293643688451208140e-01,6.379310344827586743e-01,6.481947942905121884e-01,6.285714285714285587e-01,6.497854077253218952e-01,6.215986394557823091e-01,6.207482993197278587e-01,6.785714285714286031e-01,6.923076923076922906e-01,4.855875831485587657e-01,6.454545454545455030e-01,6.716287215411558265e-01,6.698194325021495921e-01,6.607142857142856984e-01,6.864481842338352457e-01,6.749555950266429294e-01,6.580310880829015607e-01,6.226415094339622369e-01,7.009259259259259522e-01,5.642585551330798754e-01,6.527272727272727115e-01,6.748898678414096963e-01,6.669691470054446292e-01,6.745200698080279222e-01,6.905417814508723051e-01,6.619718309859154992e-01,6.769911504424779292e-01,7.271897810218977964e-01,6.548358473824312798e-01,6.611208406304728280e-01,6.475265017667845013e-01,6.742358078602620486e-01,7.199297629499561424e-01,7.070175438596491002e-01,6.314847942754919785e-01,6.320921985815602939e-01,5.884955752212389646e-01,6.663685152057244876e-01,6.729055258467022682e-01,6.720430107526881303e-01,6.422836752899196977e-01,6.997270245677889022e-01,6.376429199648196988e-01,6.672661870503596715e-01,6.931818181818182323e-01,6.911504424778761591e-01,6.255585344057194019e-01,6.240208877284595390e-01,6.687444345503116283e-01,6.967509025270758327e-01,6.440677966101694407e-01,6.612612612612612795e-01,6.415261756876663446e-01,6.368563685636856597e-01,6.568364611260053554e-01,6.391843971631205878e-01,6.638225255972696193e-01,7.011393514460999565e-01,6.893039049235992755e-01,6.962899050905952958e-01,7.080419580419580194e-01,6.962828649138712578e-01,6.524064171122995193e-01,6.524590163934426146e-01,6.807592752372735312e-01,6.180613090306544821e-01,6.411359724612736288e-01,6.126932465419039353e-01,6.909722222222222099e-01,7.028725314183124073e-01,6.835555555555555829e-01,6.643417611159546654e-01,6.961471103327495635e-01,6.533333333333333215e-01,6.585365853658536883e-01,6.819852941176470784e-01,6.276870163370593669e-01,6.756756756756756577e-01,6.598579040852575739e-01,6.146118721461186762e-01,6.455122393472347841e-01,6.547725245316681209e-01,6.780238500851788475e-01,6.751131221719457454e-01,6.932021466905188278e-01,7.056199821587868515e-01,6.175986842105263275e-01,6.406926406926406470e-01,6.871165644171779441e-01,6.806722689075630495e-01,6.504688832054561498e-01,6.768027801911381536e-01,7.332106715731371294e-01,6.432337434094903550e-01,6.313405797101449002e-01
